% Intrinsic and Extrinsic Camera Parameters
%
% This script file can be directly executed under Matlab to recover the camera intrinsic and extrinsic parameters.
% IMPORTANT: This file contains neither the structure of the calibration objects nor the image coordinates of the calibration points.
%            All those complementary variables are saved in the complete matlab data file Calib_Results.mat.
% For more information regarding the calibration model visit http://www.vision.caltech.edu/bouguetj/calib_doc/


%-- Focal length:
fc = [ 887.310288973726188 ; 885.751497716921335 ];

%-- Principal point:
cc = [ 512.436691305433897 ; 420.467904762624869 ];

%-- Skew coefficient:
alpha_c = 0.000000000000000;

%-- Distortion coefficients:
kc = [ -0.199854010589444 ; 0.142017594288518 ; 0.000730997135881 ; 0.000462265909533 ; 0.000000000000000 ];

%-- Focal length uncertainty:
fc_error = [ 2.589654944982077 ; 2.510887632402989 ];

%-- Principal point uncertainty:
cc_error = [ 1.649828138220747 ; 1.625847458842139 ];

%-- Skew coefficient uncertainty:
alpha_c_error = 0.000000000000000;

%-- Distortion coefficients uncertainty:
kc_error = [ 0.003738150655194 ; 0.007574858858437 ; 0.000377818064837 ; 0.000387205264846 ; 0.000000000000000 ];

%-- Image size:
nx = 1024;
ny = 768;


%-- Various other variables (may be ignored if you do not use the Matlab Calibration Toolbox):
%-- Those variables are used to control which intrinsic parameters should be optimized

n_ima = 35;						% Number of calibration images
est_fc = [ 1 ; 1 ];					% Estimation indicator of the two focal variables
est_aspect_ratio = 1;				% Estimation indicator of the aspect ratio fc(2)/fc(1)
center_optim = 1;					% Estimation indicator of the principal point
est_alpha = 0;						% Estimation indicator of the skew coefficient
est_dist = [ 1 ; 1 ; 1 ; 1 ; 0 ];	% Estimation indicator of the distortion coefficients


%-- Extrinsic parameters:
%-- The rotation (omc_kk) and the translation (Tc_kk) vectors for every calibration image and their uncertainties

%-- Image #1:
omc_1 = [ 2.235399e+00 ; 2.137975e+00 ; -7.675679e-02 ];
Tc_1  = [ -6.990661e+02 ; -4.030110e+02 ; 1.169563e+03 ];
omc_error_1 = [ 2.041303e-03 ; 2.555698e-03 ; 4.841516e-03 ];
Tc_error_1  = [ 2.249066e+00 ; 2.300094e+00 ; 3.946596e+00 ];

%-- Image #2:
omc_2 = [ 2.017176e+00 ; 1.916201e+00 ; 2.388275e-01 ];
Tc_2  = [ -6.083902e+02 ; -4.117841e+02 ; 1.015846e+03 ];
omc_error_2 = [ 2.291235e-03 ; 2.725586e-03 ; 4.444642e-03 ];
Tc_error_2  = [ 2.131250e+00 ; 2.022569e+00 ; 3.529510e+00 ];

%-- Image #3:
omc_3 = [ -2.096791e+00 ; -1.952820e+00 ; 4.537907e-01 ];
Tc_3  = [ -6.153307e+02 ; -3.843553e+02 ; 1.378950e+03 ];
omc_error_3 = [ 2.280164e-03 ; 1.743278e-03 ; 4.038632e-03 ];
Tc_error_3  = [ 2.624273e+00 ; 2.632379e+00 ; 3.937480e+00 ];

%-- Image #4:
omc_4 = [ -2.414064e+00 ; -1.640880e+00 ; 5.763501e-01 ];
Tc_4  = [ -6.957871e+02 ; -2.672291e+02 ; 1.382753e+03 ];
omc_error_4 = [ 2.802494e-03 ; 1.633894e-03 ; 4.410004e-03 ];
Tc_error_4  = [ 2.695335e+00 ; 2.705482e+00 ; 3.972312e+00 ];

%-- Image #5:
omc_5 = [ 1.609295e+00 ; 2.098801e+00 ; -5.177557e-02 ];
Tc_5  = [ -3.632061e+02 ; -5.786278e+02 ; 1.161306e+03 ];
omc_error_5 = [ 1.701496e-03 ; 2.494707e-03 ; 3.537716e-03 ];
Tc_error_5  = [ 2.271220e+00 ; 2.185718e+00 ; 3.594224e+00 ];

%-- Image #6:
omc_6 = [ 1.995322e+00 ; 1.978614e+00 ; -5.531911e-01 ];
Tc_6  = [ -6.160742e+02 ; -3.518981e+02 ; 1.433108e+03 ];
omc_error_6 = [ 1.777182e-03 ; 2.351046e-03 ; 3.954538e-03 ];
Tc_error_6  = [ 2.696732e+00 ; 2.753222e+00 ; 4.088760e+00 ];

%-- Image #7:
omc_7 = [ -2.136550e+00 ; -2.045427e+00 ; -1.325585e-01 ];
Tc_7  = [ -6.240963e+02 ; -3.871426e+02 ; 1.076848e+03 ];
omc_error_7 = [ 2.428157e-03 ; 2.100383e-03 ; 4.394306e-03 ];
Tc_error_7  = [ 2.083888e+00 ; 2.142354e+00 ; 3.718710e+00 ];

%-- Image #8:
omc_8 = [ -2.185143e+00 ; -1.670413e+00 ; 3.823073e-01 ];
Tc_8  = [ -6.612470e+02 ; -3.132724e+02 ; 1.264861e+03 ];
omc_error_8 = [ 2.555495e-03 ; 1.657257e-03 ; 3.976884e-03 ];
Tc_error_8  = [ 2.451388e+00 ; 2.464528e+00 ; 3.737115e+00 ];

%-- Image #9:
omc_9 = [ 1.877959e+00 ; 2.351120e+00 ; 5.733611e-01 ];
Tc_9  = [ -1.725412e+02 ; -4.501438e+02 ; 9.052950e+02 ];
omc_error_9 = [ 2.570234e-03 ; 3.000446e-03 ; 5.591784e-03 ];
Tc_error_9  = [ 1.860394e+00 ; 1.845330e+00 ; 3.445016e+00 ];

%-- Image #10:
omc_10 = [ -2.287341e+00 ; -1.879314e+00 ; 5.824265e-01 ];
Tc_10  = [ -6.130956e+02 ; -3.326151e+02 ; 1.332510e+03 ];
omc_error_10 = [ 2.475563e-03 ; 1.584979e-03 ; 4.200403e-03 ];
Tc_error_10  = [ 2.553165e+00 ; 2.561467e+00 ; 3.758150e+00 ];

%-- Image #11:
omc_11 = [ 2.177969e+00 ; 2.153894e+00 ; -1.184310e-01 ];
Tc_11  = [ -4.443227e+02 ; -4.273321e+02 ; 1.131617e+03 ];
omc_error_11 = [ 2.120868e-03 ; 2.298596e-03 ; 4.535005e-03 ];
Tc_error_11  = [ 2.170691e+00 ; 2.131515e+00 ; 3.673223e+00 ];

%-- Image #12:
omc_12 = [ -2.024632e+00 ; -1.915622e+00 ; 4.510329e-01 ];
Tc_12  = [ -4.397077e+02 ; -4.142117e+02 ; 1.235060e+03 ];
omc_error_12 = [ 2.433607e-03 ; 1.907845e-03 ; 4.168526e-03 ];
Tc_error_12  = [ 2.377127e+00 ; 2.325761e+00 ; 3.528929e+00 ];

%-- Image #13:
omc_13 = [ 1.898407e+00 ; 1.876068e+00 ; 3.917143e-01 ];
Tc_13  = [ -5.037404e+02 ; -4.367511e+02 ; 9.121157e+02 ];
omc_error_13 = [ 1.945479e-03 ; 2.130394e-03 ; 3.384007e-03 ];
Tc_error_13  = [ 1.920052e+00 ; 1.805629e+00 ; 3.151376e+00 ];

%-- Image #14:
omc_14 = [ -2.219017e+00 ; -1.751782e+00 ; 2.994612e-01 ];
Tc_14  = [ -6.180955e+02 ; -3.350823e+02 ; 1.165614e+03 ];
omc_error_14 = [ 2.865282e-03 ; 1.838310e-03 ; 4.493534e-03 ];
Tc_error_14  = [ 2.269774e+00 ; 2.276961e+00 ; 3.639503e+00 ];

%-- Image #15:
omc_15 = [ -2.255324e+00 ; -1.870671e+00 ; 2.955833e-01 ];
Tc_15  = [ -5.895306e+02 ; -3.561442e+02 ; 1.147413e+03 ];
omc_error_15 = [ 2.958454e-03 ; 1.958225e-03 ; 4.897998e-03 ];
Tc_error_15  = [ 2.227102e+00 ; 2.232662e+00 ; 3.624096e+00 ];

%-- Image #16:
omc_16 = [ 1.717828e+00 ; 2.338643e+00 ; 5.146310e-01 ];
Tc_16  = [ -8.352372e+01 ; -4.641643e+02 ; 9.550863e+02 ];
omc_error_16 = [ 2.520498e-03 ; 2.901571e-03 ; 5.020458e-03 ];
Tc_error_16  = [ 1.919714e+00 ; 1.864385e+00 ; 3.483273e+00 ];

%-- Image #17:
omc_17 = [ -2.239941e+00 ; -1.826098e+00 ; 1.129457e-02 ];
Tc_17  = [ -5.522906e+02 ; -3.462760e+02 ; 9.941095e+02 ];
omc_error_17 = [ 3.574645e-03 ; 2.188476e-03 ; 5.430275e-03 ];
Tc_error_17  = [ 1.952266e+00 ; 1.961001e+00 ; 3.456818e+00 ];

%-- Image #18:
omc_18 = [ 1.765012e+00 ; 2.082296e+00 ; 4.102052e-01 ];
Tc_18  = [ -1.262866e+02 ; -4.660058e+02 ; 9.920532e+02 ];
omc_error_18 = [ 2.523906e-03 ; 2.540320e-03 ; 4.246463e-03 ];
Tc_error_18  = [ 1.974933e+00 ; 1.873572e+00 ; 3.423369e+00 ];

%-- Image #19:
omc_19 = [ 2.088557e+00 ; 2.038411e+00 ; -3.905596e-01 ];
Tc_19  = [ -5.459545e+02 ; -4.038549e+02 ; 1.158988e+03 ];
omc_error_19 = [ 1.638885e-03 ; 2.072620e-03 ; 3.685992e-03 ];
Tc_error_19  = [ 2.187877e+00 ; 2.199068e+00 ; 3.508591e+00 ];

%-- Image #20:
omc_20 = [ -2.189151e+00 ; -2.125245e+00 ; -2.266366e-01 ];
Tc_20  = [ -5.523278e+02 ; -4.039748e+02 ; 9.138333e+02 ];
omc_error_20 = [ 2.143734e-03 ; 1.894825e-03 ; 4.089995e-03 ];
Tc_error_20  = [ 1.838067e+00 ; 1.858530e+00 ; 3.184296e+00 ];

%-- Image #21:
omc_21 = [ -2.244212e+00 ; -1.766059e+00 ; 3.020819e-01 ];
Tc_21  = [ -6.408780e+02 ; -3.276190e+02 ; 1.144602e+03 ];
omc_error_21 = [ 2.840362e-03 ; 1.798993e-03 ; 4.455569e-03 ];
Tc_error_21  = [ 2.232157e+00 ; 2.250805e+00 ; 3.596837e+00 ];

%-- Image #22:
omc_22 = [ -2.200207e+00 ; -1.814007e+00 ; 2.816329e-01 ];
Tc_22  = [ -6.185573e+02 ; -3.463722e+02 ; 1.128280e+03 ];
omc_error_22 = [ 2.820186e-03 ; 1.840425e-03 ; 4.447056e-03 ];
Tc_error_22  = [ 2.199280e+00 ; 2.211230e+00 ; 3.565829e+00 ];

%-- Image #23:
omc_23 = [ 1.807458e+00 ; 2.219523e+00 ; 5.069541e-01 ];
Tc_23  = [ -4.464473e+01 ; -4.404023e+02 ; 9.480172e+02 ];
omc_error_23 = [ 2.917027e-03 ; 2.942095e-03 ; 5.272566e-03 ];
Tc_error_23  = [ 1.902401e+00 ; 1.837486e+00 ; 3.467186e+00 ];

%-- Image #24:
